109 148 109 147
109 147 109 146
117 182 116 182
127 182 126 182
139 156 139 155
129 156 130 156
120 134 120 135
138 128 137 128
118 135 118 134
132 158 132 159
140 156 140 157
140 146 139 146
139 146 138 146
135 129 136 129
117 176 117 175
138 152 138 153
111 134 111 135
117 165 117 164
116 182 116 181
120 155 121 155
117 159 117 158
113 177 114 177
117 174 117 173
122 176 121 176
137 147 137 146
137 152 137 151
121 173 122 173
118 165 117 165
117 173 118 173
122 175 122 176
110 136 109 136
122 173 122 174
129 130 128 130
129 179 130 179
133 166 132 166
141 146 141 147
126 128 126 127
135 130 134 130
133 165 133 166
139 126 139 127
116 136 117 136
140 144 140 145
121 136 122 136
138 145 138 144
141 154 141 155
138 144 138 143
140 143 140 144
117 138 116 138
122 138 121 138
125 183 124 183
109 149 109 148
119 183 118 183
117 164 117 163
116 180 116 181
121 155 122 155
117 159 117 160
113 177 112 177
118 176 119 176
138 153 138 154
137 151 137 150
137 147 137 148
141 149 141 148
117 175 117 174
120 176 119 176
111 133 111 134
110 127 110 128
127 155 128 155
110 129 110 128
121 176 120 176
126 165 127 165
127 155 126 155
126 165 125 165
141 147 141 148
119 173 120 173
118 173 119 173
123 165 122 165
119 165 118 165
120 173 121 173
111 130 111 131
133 160 133 161
122 174 122 175
116 162 116 161
129 166 128 166
130 179 131 179
142 180 141 180
132 166 131 166
143 180 144 180
134 130 133 130
110 176 111 176
133 164 133 165
126 127 126 126
130 130 129 130
123 154 124 154
139 179 140 179
124 154 125 154
142 152 142 153
146 181 145 181
142 150 142 151
142 151 142 152
120 165 119 165
133 163 133 164
131 166 130 166
120 183 119 183
124 183 123 183
121 183 120 183
109 150 109 149
123 183 122 183
122 183 121 183
143 180 142 180
111 132 111 133
111 131 111 132
122 165 121 165
133 161 133 162
133 162 133 163
130 166 129 166
131 179 132 179
138 179 139 179
133 130 132 130
109 176 110 176
131 130 130 130
121 165 120 165
109 156 109 155
109 155 109 154
109 154 109 153
109 153 109 152
132 130 131 130
109 152 109 151
132 179 133 179
109 151 109 150
137 179 138 179
134 179 133 179
135 179 134 179
136 179 135 179
137 179 136 179
122 174 121 173
110 147 109 148
110 135 111 134
120 135 121 136
116 181 117 182
126 127 127 128
117 136 118 135
137 146 138 145
121 155 120 156
118 158 117 159
118 173 117 174
114 177 115 178
114 178 113 177
117 175 118 176
121 176 122 175
117 164 118 165
138 153 137 152
130 179 129 180
132 166 133 165
141 147 140 146
137 151 138 152
138 146 137 147
134 130 135 129
128 129 129 130
140 145 141 146
111 135 110 136
126 182 127 181
127 181 128 180
131 157 132 158
128 180 129 179
140 157 139 156
130 156 131 157
132 159 131 158
127 129 126 128
119 157 118 158
128 130 127 129
131 158 130 157
120 156 119 157
130 157 129 156
109 136 110 135
115 179 114 178
117 158 118 157
129 180 128 181
127 128 128 129
109 146 110 147
118 157 119 156
137 128 138 127
136 129 135 130
119 156 120 155
128 181 127 182
138 127 139 126
139 127 138 128
141 155 140 156
123 165 124 164
124 164 125 165
137 150 136 149
136 149 137 148
116 180 115 179
125 183 126 182
128 166 127 165
128 155 129 156
140 179 141 180
142 153 141 154
125 154 126 155
111 130 110 129
122 155 123 154
117 160 116 161
116 162 117 163
111 176 112 177
117 182 118 183
133 160 132 159
144 180 145 181
141 149 142 150
138 154 139 155
136 129 137 128
109 126 110 127
137 148 137 150
125 165 123 165
118 134 120 134
119 138 117 138
121 138 119 138
115 178 117 178
117 178 117 176
116 138 116 136
122 136 122 138
138 143 140 143
139 155 141 154
118 176 117 178
117 178 116 180
