20  213
26  212
32  213
36  212
41  213
45  212
46  211
48  210
49  209
50  208
51  207
51  206
52  205
53  204
54  203
55  202
56  201
57  200
58  199
59  198
60  197
61  196
62  195
64  194
65  193
67  192
68  191
69  190
71  189
72  188
73  187
74  186
76  185
77  184
79  183
81  182
83  181
87  180
90  179
92  178
94  177
98  176
102  175
114  174
119  173
123  172
136  173
140  174
143  175
145  176
146  177
148  178
149  179
151  180
153  181
156  182
158  183
161  184
164  185
166  186
169  187
174  188
176  189
179  190
182  191
185  192
186  193
187  194
188  195
190  196
191  197
191  198
192  199
193  200
194  201
195  202
196  203
197  204
197  205
198  206
199  207
200  208
201  209
202  210
203  211
210  210
215  211
221  210
