20  211
28  212
46  211
50  210
51  209
52  208
52  207
53  206
54  205
54  204
55  203
56  202
56  201
57  200
58  199
59  198
60  197
61  196
63  195
64  194
65  193
67  192
68  191
69  190
70  189
71  188
72  187
74  186
75  185
77  184
78  183
80  182
82  181
85  180
90  179
93  178
95  177
99  176
116  175
122  174
128  173
130  172
133  173
137  174
140  175
144  176
145  177
147  178
148  179
149  180
151  181
153  182
156  183
158  184
161  185
165  186
170  187
174  188
176  189
179  190
183  191
185  192
186  193
188  194
189  195
190  196
191  197
191  198
192  199
193  200
194  201
194  202
195  203
196  204
197  205
198  206
199  207
199  208
200  209
202  210
204  211
208  210
214  209
